customers  sold      lost   fraction_served   overstock  end_stock   profit
    94      88         6         0.936         4975        17       1202.50
   105     101         4         0.962         1870         4       1793.00
    84      83         1         0.988         6584        22        991.60
   105     101         4         0.962         2777         4       1702.30
   103     101         2         0.981         2539         4       1746.10
    97      97         0         1.000         5552         8       1384.80
   112      99        13         0.884         1599         6       1690.10
   102     102         0         1.000         2555         3       1784.50
   108      95        13         0.880         2669        10       1503.10
   118     103        15         0.873          706         2       1839.40
   100      99         1         0.990         3746         6       1595.40
    96      87         9         0.906         4406        18       1209.40
   129     100        29         0.775          617         5       1648.30
   102      99         3         0.971         3160         6       1634.00
   104      97         7         0.933         2835         8       1586.50
    91      90         1         0.989         6875        15       1102.50
   111     101        10         0.910         2464         4       1673.60
    82      82         0         1.000         7113        23        928.70
   101     101         0         1.000         2392         4       1780.80
   112     104         8         0.929         2201         1       1779.90
    91      90         1         0.989         6511        15       1138.90
   104     104         0         1.000         1773         1       1902.70
    96      95         1         0.990         1852        10       1704.80
   113     104         9         0.920         1172         1       1872.80
    99      95         4         0.960         4986        10       1361.40
    86      86         0         1.000         7565        19        963.50
    98      98         0         1.000         3272         7       1632.80
   104     104         0         1.000         4522         1       1627.80
    97      89         8         0.918         4887        16       1211.30
    94      89         5         0.947         3502        16       1379.80
   104     103         1         0.990         1290         2       1921.00
    91      86         5         0.945         5176        19       1152.40
   103      96         7         0.932         1970         9       1653.00
   107     105         2         0.981         2698         0       1810.20
   106     100         6         0.943         1715         5       1768.50
   119     100        19         0.840          711         5       1738.90
   110     104         6         0.945         1812         1       1838.80
   107      98         9         0.916         1524         7       1717.60
   109     105         4         0.963         1509         0       1909.10
    93      92         1         0.989         5004        13       1329.60
   110     100        10         0.909         1119         5       1788.10
   102      97         5         0.951         2185         8       1671.50
   101     101         0         1.000         5575         4       1462.50
   102     101         1         0.990         4040         4       1606.00
   117     105        12         0.897          489         0       1931.10
   104     101         3         0.971         1368         4       1853.20
   101     100         1         0.990         1876         5       1802.40
   102     101         1         0.990         2801         4       1729.90
   117     104        13         0.889         1487         1       1801.30
   118     105        13         0.890         1444         0       1825.60
   105      97         8         0.924         2365         8       1623.50
   114     105         9         0.921         1265         0       1883.50
    87      85         2         0.977         4333        20       1246.70
   106     101         5         0.953         1360         4       1834.00
   117     104        13         0.889          576         1       1892.40
   102      93         9         0.912         3347        12       1435.30
   105     104         1         0.990         2584         1       1811.60
    89      85         4         0.955         6215        20       1038.50
   100      99         1         0.990         3319         6       1638.10
    99      99         0         1.000         6139         6       1366.10
    94      94         0         1.000         6059        11       1274.10
   103     103         0         1.000         4207         2       1639.30
   107      97        10         0.907         1476         8       1692.40
   110     102         8         0.927         1704         3       1789.60
    92      91         1         0.989         4205        14       1389.50
    98      95         3         0.969         2547        10       1615.30
    91      86         5         0.945         4420        19       1228.00
   123     105        18         0.854         1859         0       1734.10
   107     101         6         0.944         3264         4       1633.60
    93      93         0         1.000         3884        12       1471.60
   111     102         9         0.919         1930         3       1757.00
   112     101        11         0.902          986         4       1811.40
   104      97         7         0.933         1247         8       1745.30
   108      97        11         0.898         4199         8       1410.10
   100      89        11         0.890         2662        16       1403.80
   110     105         5         0.955          830         0       1967.00
   122     105        17         0.861         1232         0       1806.80
    98      98         0         1.000         5546         7       1405.40
   127     105        22         0.827          565         0       1823.50
   104      94        10         0.904         2899        11       1490.10
   102     101         1         0.990         1399         4       1870.10
   101      97         4         0.960         2858         8       1614.20
    90      90         0         1.000         3134        15       1486.60
   106     104         2         0.981         3168         1       1743.20
   111     104         7         0.937         1126         1       1897.40
   114     105         9         0.921         2043         0       1805.70
   119     101        18         0.849          470         4       1793.00
    94      93         1         0.989         4153        12       1434.70
   110     103         7         0.936         1125         2       1877.50
   105     101         4         0.962         4421         4       1537.90
    90      86         4         0.956         5020        19       1178.00
   101      98         3         0.970         5205         7       1409.50
    98      91         7         0.929         3861        14       1363.90
   105     105         0         1.000         1853         0       1914.70
   102      99         3         0.971         3218         6       1628.20
   108     103         5         0.954         1624         2       1847.60
   101      90        11         0.891         1841        15       1505.90
   102     100         2         0.980         2698         5       1710.20
    90      90         0         1.000         7982        15       1001.80
   109     100         9         0.917          913         5       1818.70
   104     100         4         0.962         1192         5       1840.80
   109     100         9         0.917         1406         5       1769.40
   115      97        18         0.843         1727         8       1587.30
   103     102         1         0.990         2394         3       1790.60
   107     101         6         0.944         2269         4       1733.10
   119     102        17         0.857         1069         3       1763.10
   127     104        23         0.819          476         1       1802.40
    94      94         0         1.000         6248        11       1255.20
   100     100         0         1.000         3644         5       1635.60
   107      99         8         0.925         1973         6       1702.70
   105      98         7         0.933         1461         7       1743.90
   101     101         0         1.000         2776         4       1742.40
   121     100        21         0.826          749         5       1715.10
   108     104         4         0.963         1342         1       1905.80
   106     100         6         0.943         1370         5       1803.00
    97      95         2         0.979         3919        10       1488.10
   104      98         6         0.942         3543         7       1545.70
   113     105         8         0.929         2238         0       1796.20
   104     102         2         0.981         3267         3       1693.30
   115     104        11         0.904         2774         1       1692.60
   101      98         3         0.970         2091         7       1720.90
   109     105         4         0.963         1608         0       1899.20
   113     105         8         0.929          878         0       1932.20
   103     100         3         0.971         2511         5       1718.90
   106     103         3         0.972         1754         2       1854.60
   105      99         6         0.943         2374         6       1682.60
   107      94        13         0.879         2279        11       1522.10
   112     101        11         0.902         1085         4       1801.50
   120     104        16         0.867         1469         1       1773.10
    97      94         3         0.969         6017        11       1248.30
   105     101         4         0.962         3359         4       1644.10
   100      98         2         0.980         6230         7       1317.00
    99      99         0         1.000         5842         6       1395.80
    95      95         0         1.000         4825        10       1417.50
    95      95         0         1.000         3727        10       1527.30
   101     101         0         1.000         3491         4       1670.90
    99      99         0         1.000         5182         6       1461.80
   108      96        12         0.889         2436         9       1556.40
   111      97        14         0.874         1758         8       1624.20
    99      98         1         0.990         1417         7       1808.30
   105     101         4         0.962         2936         4       1686.40
   105      96         9         0.914         1942         9       1635.80
   106      99         7         0.934         1730         6       1737.00
   107     103         4         0.963         1344         2       1885.60
   109      99        10         0.908         1101         6       1769.90
   123     105        18         0.854          414         0       1878.60
   117     105        12         0.897         1486         0       1831.40
   103      95         8         0.922         3195        10       1500.50
   101     101         0         1.000         2271         4       1792.90
    95      92         3         0.968         5898        13       1220.20
    96      94         2         0.979         2229        11       1637.10
   124     101        23         0.815         1048         4       1685.20
    91      86         5         0.945         5647        19       1105.30
    95      90         5         0.947         3921        15       1357.90
   104     102         2         0.981         2376         3       1782.40
    88      88         0         1.000         7084        17       1051.60
   110      99        11         0.900         2916         6       1578.40
    96      96         0         1.000         3514         9       1568.60
   115      95        20         0.826         1114        10       1588.60
   112     104         8         0.929         2291         1       1770.90
   102      89        13         0.873         3609        16       1289.10
    85      84         1         0.988         5620        21       1108.00
    97      89         8         0.918         3047        16       1395.30
   105     105         0         1.000         2978         0       1802.20
   107     101         6         0.944         3032         4       1656.80
   119     104        15         0.874         2648         1       1665.20
   100     100         0         1.000         2953         5       1704.70
    95      95         0         1.000         6185        10       1281.50
   105      98         7         0.933         2180         7       1672.00
    88      88         0         1.000         5102        17       1249.80
   110     105         5         0.955         4497         0       1600.30
   109      99        10         0.908         2440         6       1636.00
   103      97         6         0.942         4019         8       1478.10
   101      91        10         0.901         4201        14       1299.90
    93      93         0         1.000         5273        12       1332.70
    97      92         5         0.948         2010        13       1589.00
   106     104         2         0.981         1510         1       1909.00
    86      86         0         1.000         5805        19       1139.50
    93      93         0         1.000         3148        12       1545.20
   112      99        13         0.884         1431         6       1706.90
   104      98         6         0.942         2216         7       1678.40
    86      86         0         1.000         7360        19        984.00
    96      91         5         0.948         4417        14       1328.30
   119     101        18         0.849         1455         4       1694.50
    86      83         3         0.965         6847        22        945.30
   101      99         2         0.980         3513         6       1608.70
   103      93        10         0.903         2985        12       1461.50
    92      92         0         1.000         6092        13       1230.80
   103     102         1         0.990         4878         3       1542.20
    99      99         0         1.000         6669         6       1313.10
    91      90         1         0.989         2343        15       1555.70
   108     105         3         0.972         1856         0       1884.40
    87      87         0         1.000         4683        18       1271.70
   107      96        11         0.897         1510         9       1659.00
   112     104         8         0.929         1687         1       1831.30
   101      99         2         0.980         2682         6       1691.80
    84      84         0         1.000         8403        21        839.70
   107     102         5         0.953         3196         3       1670.40
    87      84         3         0.966         9707        21        679.30
   110     102         8         0.927         1278         3       1832.20
   101      97         4         0.960         2733         8       1626.70
   104      92        12         0.885         2846        13       1435.40
   117     104        13         0.889         1744         1       1775.60
   102      98         4         0.961         2321         7       1687.90
   105     102         3         0.971         2426         3       1767.40
   116     105        11         0.905          565         0       1933.50
   102     102         0         1.000         2500         3       1790.00
   108      97        11         0.898         2288         8       1601.20
   104      95         9         0.913         1872        10       1622.80
    91      88         3         0.967         5112        17       1218.80
    91      88         3         0.967         3830        17       1347.00
    97      94         3         0.969         3666        11       1483.40
   107      98         9         0.916         1587         7       1711.30
    97      92         5         0.948         4385        13       1351.50
    95      92         3         0.968         4570        13       1353.00
   102      97         5         0.951         3608         8       1529.20
   101      90        11         0.891         4021        15       1287.90
   105     105         0         1.000         1226         0       1977.40
   103      99         4         0.961         1556         6       1784.40
   101      97         4         0.960         2496         8       1650.40
   108      93        15         0.861         1915        12       1518.50
   103      97         6         0.942         1381         8       1741.90
    99      99         0         1.000         4228         6       1557.20
   110     105         5         0.955         2350         0       1815.00
   124     104        20         0.839          431         1       1836.90
   103     100         3         0.971         1874         5       1782.60
    86      86         0         1.000         6845        19       1035.50
    86      85         1         0.988         7343        20        955.70
    96      90         6         0.938         6809        15       1059.10
   105     101         4         0.962         1548         4       1825.20
    94      94         0         1.000         6585        11       1221.50
    85      85         0         1.000         9324        20        767.60
   113     105         8         0.929         1234         0       1896.60
    87      86         1         0.989         5694        19       1140.60
    99      99         0         1.000         3078         6       1672.20
    91      90         1         0.989         2778        15       1512.20
   118     105        13         0.890         1699         0       1800.10
   110      99        11         0.900         2215         6       1648.50
    97      95         2         0.979         4755        10       1404.50
    88      86         2         0.977         7099        19        990.10
   102     102         0         1.000         5974         3       1442.60
   113     104         9         0.920         1052         1       1884.80
   103      98         5         0.951         6507         7       1259.30
   117      99        18         0.846         2930         6       1507.00
   105     105         0         1.000         2787         0       1821.30
    91      90         1         0.989         4500        15       1340.00
   117     100        17         0.855          728         5       1757.20
    98      98         0         1.000         3386         7       1621.40
    94      93         1         0.989         5958        12       1254.20
   100      97         3         0.970         5969         8       1313.10
   109     105         4         0.963         2810         0       1779.00
    99      89        10         0.899         2644        16       1415.60
   105      99         6         0.943         2498         6       1670.20
   109     103         6         0.945          921         2       1907.90
   106      98         8         0.925         2305         7       1649.50
   103      99         4         0.961         2363         6       1703.70
    95      95         0         1.000         4713        10       1428.70
    96      95         1         0.990         2625        10       1627.50
    91      91         0         1.000         6133        14       1206.70
   106      90        16         0.849         2289        15       1411.10
   107      94        13         0.879         1790        11       1571.00
   105     100         5         0.952         2738         5       1676.20
    92      91         1         0.989         5421        14       1267.90
    92      91         1         0.989         8516        14        958.40
    92      90         2         0.978         5662        15       1213.80
   100      96         4         0.960         5320         9       1348.00
   112     100        12         0.893         2055         5       1674.50
   110     105         5         0.955          886         0       1961.40
    99      95         4         0.960         3571        10       1502.90
   116     102        14         0.879         1045         3       1795.50
   101      97         4         0.960         2796         8       1620.40
    91      87         4         0.956         4390        18       1261.00
   103      95         8         0.922         1732        10       1646.80
   114     104        10         0.912         1535         1       1826.50
    82      82         0         1.000         8665        23        773.50
   101      99         2         0.980         2094         6       1750.60
   100      98         2         0.980         2315         7       1708.50
   101      93         8         0.921         3617        12       1418.30
   103     101         2         0.981         3540         4       1646.00
   105     103         2         0.981         1247         2       1915.30
   106      93        13         0.877         2548        12       1475.20
   107     101         6         0.944         2773         4       1682.70
    99      98         1         0.990         2013         7       1748.70
   120      97        23         0.808         1238         8       1586.20
   102     101         1         0.990         3943         4       1615.70
   119      98        21         0.824          830         7       1667.00
   102     100         2         0.980         3253         5       1654.70
   102      96         6         0.941         2078         9       1652.20
   108     101         7         0.935         2451         4       1704.90
   104     103         1         0.990         4736         2       1576.40
    99      90         9         0.909         2403        15       1469.70
   115     104        11         0.904         1178         1       1852.20
    99      90         9         0.909         2622        15       1447.80
    92      89         3         0.967         4659        16       1284.10
    96      96         0         1.000         3397         9       1580.30
   108     103         5         0.954         1959         2       1814.10
    87      85         2         0.977         9961        20        683.90
   109     104         5         0.954         1507         1       1879.30
   106     103         3         0.972         2807         2       1749.30
   101     101         0         1.000         2906         4       1729.40
   121     105        16         0.868          779         0       1862.10
   114     101        13         0.886          776         4       1812.40
    88      85         3         0.966         6879        20        982.10
    89      89         0         1.000         6774        16       1102.60
    98      96         2         0.980         7440         9       1156.00
   109      98        11         0.899         1221         7       1727.90
   102      97         5         0.951         3317         8       1558.30
   112     101        11         0.902          726         4       1837.40
   112     105         7         0.938         2879         0       1742.10
   107     100         7         0.935         1882         5       1741.80
   101     101         0         1.000         5274         4       1492.60
   113     100        13         0.885         2113         5       1658.70
   100     100         0         1.000         4827         5       1517.30
   102     101         1         0.990         1779         4       1832.10
    98      98         0         1.000         4252         7       1534.80
    88      88         0         1.000         5716        17       1188.40
   108     103         5         0.954         2128         2       1797.20
    95      95         0         1.000         5236        10       1376.40
   113     102        11         0.903         1438         3       1786.20
    93      92         1         0.989         2839        13       1546.10
   102     102         0         1.000         4115         3       1628.50
   110     101         9         0.918         1122         4       1817.80
   105      95        10         0.905         1410        10       1659.00
   101     100         1         0.990         2202         5       1769.80
   110     105         5         0.955         1004         0       1949.60
   112     104         8         0.929         2230         1       1777.00
    93      91         2         0.978         5284        14       1271.60
   102     100         2         0.980         2181         5       1761.90
    95      94         1         0.989         4064        11       1463.60
    92      88         4         0.957         5693        17       1150.70
   103      97         6         0.942         4582         8       1421.80
   103      97         6         0.942         1792         8       1700.80
    99      88        11         0.889         4354        17       1214.60
   123     104        19         0.846          991         1       1790.90
   129     105        24         0.814         1286         0       1731.40
   114     105         9         0.921         1495         0       1860.50
   105     101         4         0.962         1467         4       1833.30
   118     103        15         0.873          913         2       1818.70
   109     105         4         0.963         2210         0       1839.00
   105     100         5         0.952         2787         5       1671.30
   102     102         0         1.000         3708         3       1669.20
   122     101        21         0.828          448         4       1765.20
   117      98        19         0.838         1425         7       1627.50
   109     100         9         0.917         1632         5       1746.80
   111      96        15         0.865          811         9       1688.90
   102      97         5         0.951         2218         8       1668.20
   103      99         4         0.961         1941         6       1745.90
   103      98         5         0.951         2485         7       1661.50
   116     105        11         0.905         1570         0       1833.00
    93      90         3         0.968         6369        15       1133.10
    86      86         0         1.000         6005        19       1119.50
   102      95         7         0.931         4742        10       1355.80
   116      99        17         0.853          787         6       1731.30
   105      96         9         0.914         1451         9       1684.90
    77      77         0         1.000        11653        28        374.70
   100      96         4         0.960         4270         9       1453.00
   108     103         5         0.954         3535         2       1656.50
    85      85         0         1.000         5329        20       1167.10
    96      96         0         1.000         3960         9       1524.00
    95      95         0         1.000         5368        10       1363.20
    99      92         7         0.929         5616        13       1208.40
   126     104        22         0.825          400         1       1820.00
    92      92         0         1.000         5401        13       1299.90
    95      95         0         1.000         4133        10       1486.70
   113     104         9         0.920         1438         1       1846.20
    93      93         0         1.000         6705        12       1189.50
   108     101         7         0.935         1570         4       1793.00
    94      94         0         1.000         7567        11       1123.30
   120     105        15         0.875          730         0       1877.00
   110     103         7         0.936         2550         2       1735.00
   105     100         5         0.952         2196         5       1730.40
    98      97         1         0.990         3432         8       1586.80
    87      87         0         1.000         8728        18        867.20
   106      98         8         0.925         2158         7       1664.20
    92      92         0         1.000         5151        13       1324.90
    95      95         0         1.000         5682        10       1331.80
   119     104        15         0.874          920         1       1838.00
   116     105        11         0.905         1536         0       1836.40
   108     104         4         0.963         1230         1       1917.00
   112     104         8         0.929         1049         1       1895.10
   103      96         7         0.932         5498         9       1300.20
    97      97         0         1.000         6209         8       1319.10
   106     102         4         0.962         1993         3       1800.70
    94      93         1         0.989         3119        12       1538.10
    97      95         2         0.979         3845        10       1495.50
   107     104         3         0.972         1878         1       1862.20
   109     104         5         0.954         4311         1       1598.90
    95      93         2         0.979         3558        12       1484.20
    91      91         0         1.000         7082        14       1111.80
   103     103         0         1.000         3210         2       1739.00
   119     105        14         0.882         1304         0       1829.60
   115     102        13         0.887          917         3       1818.30
    86      86         0         1.000         7040        19       1016.00
   114     104        10         0.912         2279         1       1752.10
   112     102        10         0.911         1346         3       1805.40
   100     100         0         1.000         4806         5       1519.40
    93      93         0         1.000         7231        12       1136.90
   120     104        16         0.867          697         1       1850.30
   112     104         8         0.929         1671         1       1832.90
    97      96         1         0.990         1492         9       1760.80
   104     104         0         1.000         2195         1       1860.50
   100      93         7         0.930         1550        12       1635.00
    88      83         5         0.943         4713        22       1138.70
    89      89         0         1.000         6861        16       1093.90
   107     101         6         0.944         5480         4       1412.00
   105     102         3         0.971         2877         3       1722.30
   110     105         5         0.955         2719         0       1778.10
    94      89         5         0.947         4145        16       1315.50
   105      94        11         0.895         1902        11       1579.80
    96      96         0         1.000         4334         9       1486.60
   100      97         3         0.970         2049         8       1705.10
    92      92         0         1.000         6444        13       1195.60
   102      99         3         0.971         2737         6       1676.30
   106     102         4         0.962         1342         3       1865.80
    95      89         6         0.937         4237        16       1296.30
    95      95         0         1.000         6303        10       1269.70
   108     105         3         0.972         2115         0       1858.50
   103     100         3         0.971         3532         5       1616.80
   100      95         5         0.950         4553        10       1394.70
   114     101        13         0.886         1633         4       1726.70
   112     102        10         0.911          848         3       1855.20
    93      93         0         1.000         5556        12       1304.40
   114     105         9         0.921          731         0       1936.90
   123     103        20         0.837          866         2       1773.40
   114     104        10         0.912         1194         1       1860.60
   119     105        14         0.882         1355         0       1824.50
    90      90         0         1.000         4961        15       1303.90
   106     104         2         0.981         2623         1       1797.70
    99      99         0         1.000         2175         6       1762.50
   122     103        19         0.844         1183         2       1751.70
   105      97         8         0.924         1935         8       1666.50
   101     101         0         1.000         1912         4       1828.80
   116     105        11         0.905         1307         0       1859.30
    99      94         5         0.949         3487        11       1481.30
   115      99        16         0.861         1749         6       1645.10
   109     104         5         0.954         2527         1       1777.30
   108      98        10         0.907         1721         7       1687.90
    97      96         1         0.990         4028         9       1507.20
   103      97         6         0.942         2071         8       1672.90
    99      99         0         1.000         4368         6       1543.20
    96      95         1         0.990         3368        10       1553.20
   116     101        15         0.871         1410         4       1729.00
   106      98         8         0.925         2628         7       1617.20
    88      88         0         1.000         8676        17        892.40
   116      99        17         0.853         1287         6       1681.30
   119     102        17         0.857          403         3       1829.70
    99      99         0         1.000         2763         6       1703.70
    96      94         2         0.979         2964        11       1563.60
    93      89         4         0.957         4654        16       1274.60
   105     101         4         0.962         2462         4       1733.80
   113     105         8         0.929         1195         0       1900.50
   116     105        11         0.905          668         0       1923.20
    82      82         0         1.000         7335        23        906.50
   106     100         6         0.943         2383         5       1701.70
   102      99         3         0.971         4536         6       1496.40
   106     101         5         0.953         1024         4       1867.60
    90      90         0         1.000         5866        15       1213.40
    97      97         0         1.000         4388         8       1501.20
   111     101        10         0.910         1307         4       1789.30
    99      97         2         0.980         1998         8       1720.20
    90      90         0         1.000         6672        15       1132.80
    98      97         1         0.990         3196         8       1610.40
   102     101         1         0.990         2012         4       1808.80
   108     103         5         0.954         1769         2       1833.10
   102      99         3         0.971         4855         6       1464.50
   102      98         4         0.961         2256         7       1694.40
   104      95         9         0.913         4558        10       1354.20
   108     102         6         0.944         3450         3       1635.00
   105      99         6         0.943         1873         6       1732.70
    90      90         0         1.000         6887        15       1111.30
    95      95         0         1.000         6968        10       1203.20
   104     103         1         0.990         4226         2       1627.40
   117     105        12         0.897         1059         0       1874.10
    98      98         0         1.000         4703         7       1489.70
    92      89         3         0.967         6365        16       1113.50
   101      98         3         0.970         2541         7       1675.90
   111      97        14         0.874         1208         8       1679.20
   115     101        14         0.878         1887         4       1691.30
   104     100         4         0.962         4806         5       1479.40
   102      97         5         0.951         2475         8       1642.50
   107     104         3         0.972         1955         1       1854.50
   103      96         7         0.932         2872         9       1562.80
    93      93         0         1.000         5842        12       1275.80
   119     103        16         0.866          672         2       1832.80
   110      95        15         0.864         2658        10       1484.20
   108     101         7         0.935         1425         4       1807.50
    97      94         3         0.969         5339        11       1316.10
   104     104         0         1.000         3777         1       1702.30
    97      97         0         1.000         3693         8       1570.70
   108     100         8         0.926         2523         5       1667.70
   104      97         7         0.933         1965         8       1673.50
   109     105         4         0.963         1035         0       1956.50
   108     102         6         0.944         1648         3       1815.20
    88      87         1         0.989         6733        18       1056.70
   128     100        28         0.781          608         5       1659.20
    93      93         0         1.000         5278        12       1332.20
   115     101        14         0.878          766         4       1803.40
    98      94         4         0.959         3935        11       1446.50
    92      85         7         0.924         5360        20       1094.00
   114     104        10         0.912         1367         1       1843.30
   102     102         0         1.000         4373         3       1602.70
   103     100         3         0.971         2517         5       1718.30
    96      94         2         0.979         6057        11       1254.30
    92      92         0         1.000         6972        13       1142.80
    94      94         0         1.000         6242        11       1255.80
   104     101         3         0.971         1794         4       1810.60
   104      97         7         0.933         2593         8       1610.70
    94      94         0         1.000         4244        11       1455.60
    83      81         2         0.976         8622        24        737.80
   103      97         6         0.942         4064         8       1473.60
   105     104         1         0.990         1971         1       1872.90
   103     100         3         0.971         2064         5       1763.60
    91      91         0         1.000         6040        14       1216.00
   103      97         6         0.942         3541         8       1525.90
    96      93         3         0.969         4483        12       1381.70
    91      91         0         1.000         6971        14       1122.90
   114     101        13         0.886         1401         4       1749.90
   100     100         0         1.000         3121         5       1687.90
   110     105         5         0.955         1520         0       1898.00
    92      92         0         1.000         4708        13       1369.20
   104      93        11         0.894         2456        12       1504.40
    96      92         4         0.958         5168        13       1283.20
   114     105         9         0.921          658         0       1944.20
   107      98         9         0.916         2528         7       1617.20
   108     100         8         0.926         2050         5       1715.00
   100      98         2         0.980         3056         7       1634.40
   106     102         4         0.962         1739         3       1826.10
    89      87         2         0.978         9514        18        768.60
   104      98         6         0.942         2573         7       1642.70
    92      91         1         0.989         4043        14       1405.70
   104     103         1         0.990         1859         2       1864.10
   105     105         0         1.000         4193         0       1680.70
    88      88         0         1.000         6545        17       1105.50
   106     103         3         0.972         2308         2       1799.20
   113      99        14         0.876         1278         6       1712.20
    98      92         6         0.939         3237        13       1456.30
    84      84         0         1.000         7629        21        917.10
    96      93         3         0.969         3087        12       1521.30
   103      98         5         0.951         2433         7       1666.70
   118     102        16         0.864          613         3       1818.70
    94      94         0         1.000         4841        11       1395.90
    95      95         0         1.000         4452        10       1454.80
   100      96         4         0.960         4655         9       1414.50
    93      91         2         0.978         3670        14       1433.00
   120     104        16         0.867          474         1       1872.60
   110     104         6         0.945          743         1       1945.70
    96      95         1         0.990         2975        10       1592.50
    91      89         2         0.978         6966        16       1063.40
    96      94         2         0.979         3329        11       1527.10
   101      93         8         0.921         1982        12       1581.80
    98      98         0         1.000         4666         7       1493.40
   119     102        17         0.857          406         3       1829.40
   106      98         8         0.925         4025         7       1477.50
    98      97         1         0.990         3612         8       1568.80
   112     103         9         0.920         2212         2       1748.80
    88      88         0         1.000         7364        17       1023.60
   113     103        10         0.912         1071         2       1852.90
    97      97         0         1.000         4949         8       1445.10
   104      99         5         0.952         1030         6       1827.00
   109     102         7         0.936         1374         3       1832.60
   106     101         5         0.953         2770         4       1693.00
   101      98         3         0.970         2421         7       1687.90
   104      96         8         0.923         3187         9       1521.30
   122     102        20         0.836          622         3       1777.80
    93      93         0         1.000         5908        12       1269.20
   118      99        19         0.839          957         6       1694.30
   110     105         5         0.955         2016         0       1848.40
   124     103        21         0.831          473         2       1802.70
   109     105         4         0.963         1651         0       1894.90
   102      98         4         0.961         2630         7       1657.00
   103     100         3         0.971         7205         5       1249.50
    98      93         5         0.949         4595        12       1350.50
   101     100         1         0.990         1819         5       1808.10
   108      99         9         0.917          854         6       1804.60
   107     102         5         0.953         2221         3       1767.90
   114     103        11         0.904         1301         2       1819.90
   112     100        12         0.893         1664         5       1713.60
   101     101         0         1.000         3783         4       1641.70
   111     104         7         0.937         2860         1       1724.00
   122     104        18         0.852          838         1       1816.20
    94      92         2         0.979         5158        13       1304.20
   111      95        16         0.856         1998        10       1540.20
   104      96         8         0.923         2325         9       1607.50
   107     100         7         0.935         2048         5       1725.20
    90      89         1         0.989         4245        16       1345.50
   101      94         7         0.931         2627        11       1547.30
   111     105         6         0.946          675         0       1972.50
    89      89         0         1.000         4720        16       1308.00
   107      98         9         0.916         1809         7       1689.10
    98      96         2         0.980         3421         9       1557.90
   108     102         6         0.944         2992         3       1680.80
    93      89         4         0.957         5328        16       1207.20
    97      96         1         0.990         4303         9       1479.70
   104     102         2         0.981         3458         3       1674.20
    82      80         2         0.976        10556        25        524.40
   105     102         3         0.971         1874         3       1822.60
   103     100         3         0.971         3841         5       1585.90
    98      96         2         0.980         2296         9       1670.40
   120     101        19         0.842          645         4       1765.50
   107     103         4         0.963         2181         2       1801.90
   107     100         7         0.935         1473         5       1782.70
   108     100         8         0.926         1503         5       1769.70
   108     103         5         0.954          977         2       1912.30
    93      93         0         1.000         7063        12       1153.70
   109     102         7         0.936         1175         3       1852.50
   102     102         0         1.000         3748         3       1665.20
   101      98         3         0.970         2514         7       1678.60
   117     101        16         0.863         1160         4       1744.00
   109     102         7         0.936         1711         3       1798.90
   109     104         5         0.954         1669         1       1863.10
   102      99         3         0.971         1799         6       1770.10
   102     102         0         1.000         2608         3       1779.20
   106     102         4         0.962         3021         3       1697.90
    93      92         1         0.989         4598        13       1370.20
    97      94         3         0.969         4420        11       1408.00
   119     105        14         0.882          992         0       1860.80
    99      96         3         0.970         2095         9       1680.50
   110     103         7         0.936         1611         2       1828.90
   108     105         3         0.972         2426         0       1827.40
   101      98         3         0.970         2379         7       1692.10
    81      81         0         1.000        10164        24        603.60
    92      92         0         1.000         6122        13       1227.80
   105      98         7         0.933         4861         7       1403.90
   105     100         5         0.952         1996         5       1750.40
    95      95         0         1.000         6753        10       1224.70
   102     100         2         0.980         3003         5       1679.70
   103      99         4         0.961         2131         6       1726.90
   113     102        11         0.903          950         3       1835.00
   111     101        10         0.910         1829         4       1737.10
    89      89         0         1.000         4414        16       1338.60
   112     104         8         0.929         1287         1       1871.30
    95      95         0         1.000         4458        10       1454.20
   121      99        22         0.818          797         6       1680.30
    93      93         0         1.000         5758        12       1284.20
    97      96         1         0.990         3073         9       1602.70
   108     100         8         0.926         2123         5       1707.70
   129     105        24         0.814          808         0       1779.20
   107      96        11         0.897         1001         9       1709.90
   112     104         8         0.929          915         1       1908.50
   105     102         3         0.971         2424         3       1767.60
    95      92         3         0.968         7554        13       1054.60
   106     103         3         0.972         3730         2       1657.00
    97      92         5         0.948         3357        13       1454.30
   104     103         1         0.990         1975         2       1852.50
   106     102         4         0.962         1474         3       1852.60
   102      98         4         0.961         1359         7       1784.10
   103     100         3         0.971         2179         5       1752.10
    87      87         0         1.000         4907        18       1249.30
   119     104        15         0.874          966         1       1833.40
    95      95         0         1.000         4456        10       1454.40
   106     100         6         0.943         1971         5       1742.90
   116      97        19         0.836         1381         8       1611.90
    97      93         4         0.959         5684        12       1251.60
   102      97         5         0.951         2264         8       1663.60
   101      99         2         0.980         4069         6       1553.10
   103     100         3         0.971         2311         5       1738.90
   110     103         7         0.936          879         2       1902.10
   102      97         5         0.951         3125         8       1577.50
   122     105        17         0.861         1146         0       1815.40
   101      99         2         0.980         2353         6       1724.70
   110     102         8         0.927         2644         3       1695.60
   108     101         7         0.935         1495         4       1800.50
   102     100         2         0.980         3555         5       1624.50
    97      97         0         1.000         5325         8       1407.50
    95      95         0         1.000         4608        10       1439.20
   105     101         4         0.962         2860         4       1694.00
   109     105         4         0.963         2227         0       1837.30
   106     102         4         0.962         1032         3       1896.80
   101      92         9         0.911         2295        13       1520.50
   102      96         6         0.941          972         9       1762.80
   112     101        11         0.902          570         4       1853.00
   106     104         2         0.981         3615         1       1698.50
   107     101         6         0.944          952         4       1864.80
   106     104         2         0.981         5310         1       1529.00
   114     105         9         0.921         1679         0       1842.10
   110     103         7         0.936         1041         2       1885.90
   113     101        12         0.894          702         4       1829.80
   112     102        10         0.911         1861         3       1753.90
   103     103         0         1.000         2819         2       1778.10
   103      99         4         0.961         1918         6       1748.20
   104     102         2         0.981         1651         3       1854.90
   119     103        16         0.866          770         2       1823.00
   106     103         3         0.972         4434         2       1586.60
   114     101        13         0.886         1743         4       1715.70
    92      91         1         0.989         5309        14       1279.10
   102     102         0         1.000         2697         3       1770.30
   104     103         1         0.990         3096         2       1740.40
   108      96        12         0.889         2891         9       1510.90
   103     100         3         0.971         1909         5       1779.10
    89      84         5         0.944         8078        21        822.20
   115     102        13         0.887          906         3       1819.40
   106      98         8         0.925          928         7       1787.20
   108      94        14         0.870         2111        11       1528.90
   100      95         5         0.950         2033        10       1646.70
    94      94         0         1.000         8671        11       1012.90
   109     103         6         0.945         1467         2       1853.30
   100      95         5         0.950         2516        10       1598.40
   112     102        10         0.911         1298         3       1810.20
    87      87         0         1.000         8396        18        900.40
    93      91         2         0.978         5863        14       1213.70
   101      96         5         0.950         1878         9       1682.20
   112     105         7         0.938         1223         0       1907.70
    97      92         5         0.948         2963        13       1493.70
   102     101         1         0.990         3014         4       1708.60
    98      96         2         0.980         2134         9       1686.60
    99      98         1         0.990         4825         7       1467.50
   118     104        14         0.881          769         1       1863.10
   116     102        14         0.879         1132         3       1786.80
   105      98         7         0.933         2168         7       1673.20
   115     101        14         0.878         1064         4       1773.60
   116     103        13         0.888          714         2       1858.60
    83      83         0         1.000        10030        22        657.00
   103      99         4         0.961         2926         6       1647.40
   107     101         6         0.944         1920         4       1768.00
   115     104        11         0.904          957         1       1874.30
    92      92         0         1.000         4836        13       1356.40
   108     104         4         0.963         1578         1       1882.20
    97      97         0         1.000         3838         8       1556.20
   110     100        10         0.909         1457         5       1754.30
   117     103        14         0.880          995         2       1820.50
   117     105        12         0.897          946         0       1885.40
    97      97         0         1.000         4307         8       1509.30
   106      95        11         0.896         3589        10       1431.10
   111      98        13         0.883         1052         7       1724.80
    93      93         0         1.000         2333        12       1626.70
   100      99         1         0.990         1951         6       1774.90
    99      99         0         1.000         5416         6       1438.40
    93      93         0         1.000         4272        12       1432.80
   115     103        12         0.896         1143         2       1825.70
    99      99         0         1.000         4302         6       1549.80
   109     103         6         0.945         1747         2       1825.30
   107     104         3         0.972         2489         1       1801.10
   116     103        13         0.888          871         2       1842.90
   101     100         1         0.990         4534         5       1536.60
   100     100         0         1.000         2809         5       1719.10
   117     101        16         0.863         1238         4       1736.20
    94      94         0         1.000         8101        11       1069.90
   104     101         3         0.971         1044         4       1885.60
   101     101         0         1.000         2889         4       1731.10
   116      99        17         0.853          853         6       1724.70
    99      99         0         1.000         4716         6       1508.40
    97      97         0         1.000         3894         8       1550.60
   113     105         8         0.929         3856         0       1634.40
   119     105        14         0.882         1076         0       1852.40
   104     100         4         0.962         1539         5       1806.10
   107      97        10         0.907         2445         8       1595.50
   104      98         6         0.942         3238         7       1576.20
   118     105        13         0.890         1177         0       1852.30
   100      91         9         0.910         2131        14       1516.90
   111     104         7         0.937         1156         1       1894.40
   100      98         2         0.980         5016         7       1438.40
    94      93         1         0.989         6508        12       1199.20
   106     101         5         0.953         1888         4       1781.20
   112     105         7         0.938         1542         0       1875.80
    98      98         0         1.000         1884         7       1771.60
   100      97         3         0.970         3102         8       1599.80
    89      88         1         0.989         5719        17       1178.10
    95      88         7         0.926         4465        17       1243.50
    99      98         1         0.990         2910         7       1659.00
   116     102        14         0.879         1371         3       1762.90
   109     103         6         0.945         1116         2       1888.40
   101     101         0         1.000         2269         4       1793.10
   102      95         7         0.931         1855        10       1644.50
    96      96         0         1.000         4641         9       1455.90
   117     104        13         0.889         1651         1       1784.90
   116     105        11         0.905         1639         0       1826.10
   111      98        13         0.883         1765         7       1653.50
   111     102         9         0.919         1408         3       1809.20
    95      91         4         0.958         2929        14       1487.10
   110     100        10         0.909         1482         5       1751.80
   106     105         1         0.991         2279         0       1862.10
   109     101         8         0.927         2254         4       1714.60
   120      99        21         0.825          956         6       1674.40
    98      96         2         0.980         2060         9       1694.00
   104     103         1         0.990         3234         2       1726.60
   101      96         5         0.950         3883         9       1481.70
   100     100         0         1.000         3623         5       1637.70
    95      91         4         0.958         8596        14        920.40
   115     103        12         0.896          637         2       1876.30
    88      86         2         0.977         5837        19       1116.30
   106     103         3         0.972         1349         2       1895.10
   113     101        12         0.894         2476         4       1652.40
   108     105         3         0.972         2329         0       1837.10
    98      96         2         0.980         1933         9       1706.70
   103     100         3         0.971         3706         5       1599.40
    96      93         3         0.969         1961        12       1633.90
   119     104        15         0.874         1443         1       1785.70
   107      97        10         0.907         2592         8       1580.80
   112     104         8         0.929          732         1       1926.80
   107     104         3         0.972         2152         1       1834.80
    94      93         1         0.989         4259        12       1424.10
   102     100         2         0.980         2956         5       1684.40
   104     100         4         0.962         1322         5       1827.80
   108     101         7         0.935         1012         4       1848.80
    90      90         0         1.000         8330        15        967.00
   111     104         7         0.937         2583         1       1751.70
   106      99         7         0.934         1748         6       1735.20
   109      97        12         0.890         1335         8       1686.50
   101      96         5         0.950         2765         9       1593.50
   102      93         9         0.912         1929        12       1577.10
   100     100         0         1.000         3371         5       1662.90
   124     105        19         0.847          484         0       1861.60
   106     104         2         0.981         2076         1       1852.40
    96      90         6         0.938         7602        15        979.80
    99      95         4         0.960         3443        10       1515.70
   103     102         1         0.990         4055         3       1624.50
    86      86         0         1.000        11056        19        614.40
   118     103        15         0.873          792         2       1830.80
    92      92         0         1.000         4418        13       1398.20
   117     105        12         0.897          983         0       1881.70
   123     105        18         0.854         1602         0       1759.80
   109     104         5         0.954         2006         1       1829.40
    95      94         1         0.989         2608        11       1609.20
   102      96         6         0.941         3232         9       1536.80
   112     103         9         0.920         1858         2       1784.20
   100      99         1         0.990         3324         6       1637.60
   116     104        12         0.897         1292         1       1830.80
   109      96        13         0.881         1412         9       1648.80
   102     100         2         0.980         2303         5       1749.70
   108     105         3         0.972         5673         0       1502.70
    85      85         0         1.000         6814        20       1018.60
   106      98         8         0.925         1250         7       1755.00
   108      98        10         0.907         1388         7       1721.20
    87      87         0         1.000         5765        18       1163.50
    99      99         0         1.000         3176         6       1662.40
   103     101         2         0.981         2175         4       1782.50
    93      93         0         1.000         6341        12       1225.90
   109     101         8         0.927         1139         4       1826.10
    97      97         0         1.000         5508         8       1389.20
   100      95         5         0.950         3451        10       1504.90
   107      96        11         0.897         2565         9       1553.50
   114     105         9         0.921          799         0       1930.10
   114     105         9         0.921         2114         0       1798.60
    90      85         5         0.944         7595        20        890.50
    95      90         5         0.947         4591        15       1290.90
   102      97         5         0.951         4463         8       1443.70
    99      97         2         0.980         2965         8       1623.50
    97      97         0         1.000         4230         8       1517.00
   102     100         2         0.980         2281         5       1751.90
   117     102        15         0.872          748         3       1815.20
   115     103        12         0.896          891         2       1850.90
   100      95         5         0.950         3451        10       1504.90
   109     105         4         0.963         1546         0       1905.40
   118     105        13         0.890          713         0       1898.70
    94      94         0         1.000         3107        11       1569.30
   101      94         7         0.931         1994        11       1610.60
   117     100        17         0.855          410         5       1789.00
   101      96         5         0.950         2950         9       1575.00
   119     101        18         0.849         1742         4       1665.80
    96      95         1         0.990         3068        10       1583.20
   106     100         6         0.943         1609         5       1779.10
   116     104        12         0.897          618         1       1898.20
   102     101         1         0.990         3330         4       1677.00
   119     103        16         0.866          827         2       1817.30
   100      97         3         0.970         2976         8       1612.40
    88      87         1         0.989         4064        18       1323.60
    91      90         1         0.989         5598        15       1230.20
   102      98         4         0.961         1395         7       1780.50
    95      93         2         0.979         3964        12       1443.60
   115     105        10         0.913         1598         0       1840.20
    97      95         2         0.979         2726        10       1607.40
    99      93         6         0.939         6132        12       1186.80
   105     100         5         0.952         1332         5       1816.80
   106     103         3         0.972         2593         2       1770.70
   101     101         0         1.000         3265         4       1693.50
   106      98         8         0.925          943         7       1785.70
    87      86         1         0.989         6818        19       1028.20
   124     105        19         0.847          396         0       1870.40
    99      99         0         1.000         5030         6       1477.00
   104      99         5         0.952         1185         6       1811.50
    83      83         0         1.000         7944        22        865.60
    83      83         0         1.000         6151        22       1044.90
   109     105         4         0.963         2032         0       1856.80
   101      99         2         0.980         3801         6       1579.90
   114     103        11         0.904          587         2       1891.30
   100      92         8         0.920         3799        13       1380.10
   121     105        16         0.868         1104         0       1829.60
   114     105         9         0.921         1546         0       1855.40
   111     103         8         0.928         1454         2       1834.60
   106     105         1         0.991         1224         0       1967.60
    99      97         2         0.980         1696         8       1750.40
   103     102         1         0.990         4147         3       1615.30
    92      91         1         0.989         7637        14       1046.30
   118     104        14         0.881          883         1       1851.70
   106     103         3         0.972         2027         2       1827.30
   104      94        10         0.904         3520        11       1428.00
   106      98         8         0.925         1488         7       1731.20
   106     101         5         0.953         3414         4       1628.60
    91      91         0         1.000         7666        14       1053.40
   110     103         7         0.936         1317         2       1858.30
    94      94         0         1.000         8895        11        990.50
    95      94         1         0.989         4727        11       1397.30
   112     103         9         0.920          813         2       1888.70
   101      99         2         0.980         2325         6       1727.50
    93      93         0         1.000         7254        12       1134.60
   105     103         2         0.981         2118         2       1828.20
   114     103        11         0.904         1024         2       1847.60
    94      94         0         1.000         3795        11       1500.50
   120     105        15         0.875          697         0       1880.30
   114     100        14         0.877         1160         5       1744.00
   105      95        10         0.905         2989        10       1501.10
   106      96        10         0.906         1856         9       1634.40
   111     102         9         0.919         1578         3       1792.20
   111     100        11         0.901          671         5       1822.90
   107     105         2         0.981         5125         0       1567.50
   112     103         9         0.920         1082         2       1861.80
   102      98         4         0.961         1700         7       1750.00
    88      84         4         0.955         6685        21        971.50
   114     105         9         0.921         2201         0       1789.90
    98      91         7         0.929         2815        14       1468.50
   111     104         7         0.937         1773         1       1832.70
   110      99        11         0.900         2125         6       1657.50
   111     100        11         0.901         2543         5       1635.70
   108     100         8         0.926         1790         5       1741.00
    99      98         1         0.990         3320         7       1618.00
   108      93        15         0.861         2881        12       1421.90
   106      93        13         0.877         3737        12       1356.30
   119     102        17         0.857          625         3       1807.50
    85      82         3         0.965         6132        23        996.80
   104      99         5         0.952         1095         6       1820.50
    99      93         6         0.939         4122        12       1387.80
   100      96         4         0.960         3800         9       1500.00
   110     101         9         0.918         1881         4       1741.90
   100      97         3         0.970         3512         8       1558.80
   105      99         6         0.943         3690         6       1551.00
   100      93         7         0.930         2695        12       1520.50
   102      96         6         0.941         2873         9       1572.70
    99      98         1         0.990         5898         7       1360.20
    92      92         0         1.000         5487        13       1291.30
   111     101        10         0.910         2353         4       1684.70
    88      88         0         1.000         6508        17       1109.20
    88      88         0         1.000         9974        17        762.60
    93      90         3         0.968         4188        15       1351.20
   100      98         2         0.980         2965         7       1643.50
   110     104         6         0.945         1779         1       1842.10
    89      89         0         1.000         6198        16       1160.20
   114     101        13         0.886          874         4       1802.60
   109     103         6         0.945         2804         2       1719.60
   108     101         7         0.935         1458         4       1804.20
   112     102        10         0.911         2637         3       1676.30
    90      90         0         1.000         5095        15       1290.50
   134     103        31         0.769          573         2       1692.70
   106     104         2         0.981         1727         1       1887.30
   110     104         6         0.945         1872         1       1832.80
   103      96         7         0.932         3311         9       1518.90
   102     101         1         0.990         1749         4       1835.10
   114     105         9         0.921         1761         0       1833.90
   106      98         8         0.925         1854         7       1694.60
   111     102         9         0.919         2350         3       1715.00
   115     104        11         0.904         2000         1       1770.00
    99      99         0         1.000         5564         6       1423.60
   100      99         1         0.990         3557         6       1614.30
   119     104        15         0.874          896         1       1840.40
    83      83         0         1.000         7194        22        940.60
    97      97         0         1.000         5727         8       1367.30
   116     104        12         0.897         1858         1       1774.20
   107     102         5         0.953         1515         3       1838.50
   109     100         9         0.917         3668         5       1543.20
   118     104        14         0.881          698         1       1870.20
   111     104         7         0.937         1476         1       1862.40
   106     103         3         0.972         2120         2       1818.00
    94      90         4         0.957         4157        15       1344.30
   102     100         2         0.980         3069         5       1673.10
   105     100         5         0.952         1456         5       1804.40
   106      94        12         0.887         2321        11       1527.90
   110     104         6         0.945         1419         1       1878.10
   104     103         1         0.990         5035         2       1546.50
   106     104         2         0.981         2699         1       1790.10
   101      93         8         0.921         2755        12       1504.50
    99      99         0         1.000         2808         6       1699.20
    96      96         0         1.000         4833         9       1436.70
    92      92         0         1.000         7728        13       1067.20
    98      98         0         1.000         4795         7       1480.50
   100     100         0         1.000         4221         5       1577.90
   118     104        14         0.881         1550         1       1785.00
   122     102        20         0.836          910         3       1749.00
    97      97         0         1.000         2234         8       1716.60
   107     104         3         0.972         2693         1       1780.70
   103     102         1         0.990         2340         3       1796.00
   112     101        11         0.902          597         4       1850.30
   103      98         5         0.951         1127         7       1797.30
   106     101         5         0.953         2053         4       1764.70
   103      97         6         0.942         2154         8       1664.60
   103      99         4         0.961         2196         6       1720.40
   111     104         7         0.937         1477         1       1862.30
   124     104        20         0.839         1191         1       1760.90
   111     105         6         0.946         2136         0       1826.40
   105      97         8         0.924         2569         8       1603.10
   102      98         4         0.961         2119         7       1708.10
   106     104         2         0.981         2582         1       1801.80
   118     105        13         0.890         1092         0       1860.80
    99      97         2         0.980         3741         8       1545.90
    98      98         0         1.000         2997         7       1660.30
   101      98         3         0.970         3357         7       1594.30
   112     101        11         0.902         1580         4       1752.00
    95      93         2         0.979         4916        12       1348.40
   108     102         6         0.944          844         3       1895.60
   105     100         5         0.952         2583         5       1691.70
   111     104         7         0.937         1515         1       1858.50
   100      94         6         0.940         4436        11       1376.40

   average profit     =    1594.71
   standard deviation =     263.44